1   0000    admin   10000000
2   1111    1  1000000
3   971424624   2	525697
4   5381432429	3    462901
5   3836481138	4    631583
6   5288666997	5   950800
7   8642501138	6   878085
8   4474746848	7   352818
9   2042897108	8   506928
10  4252418062	9   804066
11  7665287557	10  174798
12  7351729050	11  14074
13  6684728716	12  900147
14  1384066292	13  281185
15  7164020027	14  563883
16  7552485744	15  244196
17  9149866524	16  962100
18  4913422073	17  390978
19  643218106	18  911021
20  1615140913	19  398420
21  3220409865	20  596491
22  7898240936	21  309194
23  4494365785	22  32009
24  5765252702	23  731067
25  8052280648	24  90006
26  6495117051	25  873148
27  350824916	26  779147
28  2267662566	27  178724
29  4322449271	28  417357
30  9585837528	29  941260
31  1431904392	30  196742
32  8241009445	31  61357
33  8707111231	32  627286
34  6779070122	33  858791
35  7319465671	34  864280
36  3664645375	35  931002
37  2508985449	36  322765
38  9318012020	37  261808
39  8725482157	38  181558
40  3088764012	39  567876
41  1218487003	40  456455
42  2419580508	41  572294
43  861877705	42  557282
44  1035602342	43  713378
45  6379301798	44  517034
46  2963328788	45  821141
47  9262586485	46  594318
48  2105054072	47  365343
49  5763794532	48  431085
50  8744798067	49  712304
51  1901088316	50  683799
52  4742538536	51  595365
53  6384343517	52  501855
54  1728017769	53  825455
55  3241808823	54  215530
56  1408411237	55  902167
57  4761276878	56  625343
58  9652721247	57  928317
59  2026570833	58  168711
60  1902673913	59  157299
61  6383193287	60  148649
62  9934291177	61  176911
63  9625040951	62  951888
64  213984741	63  73780
65  3325826393	64  163320
66  9493946657	65  41324
67  8043459207	66  184547
68  162509073	67  26351
69  3724397542	68  366528
70  7242936497	69  253548
71  8833044009	70  420813
72  2780816341	71  704680
73  217552609	72  723881
74  6345876089	73  403628
75  7618999805	74  632039
76  3395784703	75  603217
77  8866153788	76  921447
78  1167711718	77  173623
79  1327381842	78  202408
80  9566495587	79  348486
81  7399068259	80  115801
82  9661924694	81  704975
83  9209865111	82  745365
84  4788624389	83  296034
85  1282410067	84  764569
86  5855089649	85  243096
87  1776255909	86  97521
88  9575129652	87  325676
89  9521206926	88  684345
90  5845209617	89  115623
91  7874065123	90  228867
92  7479512309	91  320787
93  2247701930	92  37422
94  4006055498	93  774791
95  4888575401	94  520590
96  7863487692	95  675470
97  5735091468	96  627370
98  5640507918	97  289467
99  7230276098	98  766857
100 4599090263	99  139596
101 8949361051	100 694270